41.000000 26008.000000 28997.000000 5150.000000
13.000000 31454.000000 32438.000000 11480.000000
0.000000 3816.000000 13796.000000 99.000000
0.000000 3816.000000 23762.000000 34.000000
0.000000 3816.000000 21408.000000 846.000000
0.000000 3816.000000 26911.000000 212.000000
11020.000000 24815.000000 30453.000000 22540.000000
3973.000000 25524.000000 28569.000000 22803.000000
12022.000000 31551.000000 30674.000000 29517.000000
0.000000 3816.000000 26089.000000 998.000000
0.000000 3816.000000 27326.000000 1074.000000
0.000000 3816.000000 26209.000000 1287.000000
0.000000 3816.000000 30905.000000 1040.000000
0.000000 3816.000000 32475.000000 945.000000
0.000000 3816.000000 25667.000000 1729.000000
0.000000 3816.000000 31015.000000 1413.000000
0.000000 3816.000000 31831.000000 1473.000000
0.000000 3816.000000 29393.000000 1699.000000
7825.000000 9008.000000 32290.000000 7330.000000
0.000000 3816.000000 31594.000000 1746.000000
0.000000 3816.000000 29780.000000 1970.000000
0.000000 3816.000000 27897.000000 2247.000000
0.000000 3816.000000 30402.000000 2183.000000
0.000000 3816.000000 28527.000000 2367.000000
0.000000 3816.000000 28579.000000 2401.000000
0.000000 3816.000000 27523.000000 2458.000000
0.000000 3816.000000 20887.000000 2825.000000
0.000000 3816.000000 22442.000000 2766.000000
0.000000 3816.000000 29012.000000 2484.000000
0.000000 3816.000000 31962.000000 2610.000000
0.000000 3816.000000 30936.000000 2833.000000
0.000000 3816.000000 25277.000000 3085.000000
0.000000 3816.000000 32390.000000 3001.000000
406.000000 11110.000000 19452.000000 10690.000000
0.000000 3816.000000 27369.000000 3456.000000
480.000000 29509.000000 26363.000000 29223.000000
0.000000 3816.000000 31030.000000 3490.000000
0.000000 3816.000000 31357.000000 3672.000000
0.000000 3816.000000 23370.000000 3762.000000
7007.000000 12254.000000 32007.000000 12209.000000
15000.000000 12001.000000 28000.000000 11996.000000
23500.000000 9997.000000 25500.000000 9997.000000
17501.000000 9998.000000 19501.000000 9998.000000
20500.000000 9999.000000 22500.000000 9999.000000
14499.000000 10000.000000 16500.000000 10000.000000
20500.000000 11994.000000 22000.000000 11994.000000
26500.000000 11996.000000 28500.000000 11996.000000
23500.000000 11997.000000 25000.000000 11997.000000
14500.000000 12001.000000 16500.000000 12001.000000
26500.000000 13996.000000 28500.000000 13996.000000
23500.000000 13997.000000 25500.000000 13997.000000
20500.000000 13999.000000 22500.000000 13999.000000
14500.000000 14000.000000 16499.000000 14000.000000
11000.000000 17995.000000 13000.000000 17995.000000
11000.000000 21995.000000 13000.000000 21995.000000
8000.000000 22000.000000 10000.000000 22000.000000
4501.000000 25999.000000 6501.000000 25999.000000
1500.000000 26001.000000 3500.000000 26001.000000
2500.000000 28001.000000 3500.000000 28001.000000
4501.000000 29999.000000 6501.000000 29999.000000
1500.000000 30001.000000 3499.000000 30001.000000
0.000000 3816.000000 20845.000000 3924.000000
0.000000 3816.000000 32321.000000 4171.000000
0.000000 3816.000000 32231.000000 4527.000000
0.000000 3816.000000 32213.000000 4530.000000
0.000000 3816.000000 25764.000000 4550.000000
998.000000 24470.000000 22250.000000 25106.000000
0.000000 3816.000000 19292.000000 4467.000000
0.000000 3816.000000 27092.000000 4824.000000
0.000000 3816.000000 27314.000000 5136.000000
0.000000 3816.000000 13561.000000 4559.000000
0.000000 3816.000000 23899.000000 5137.000000
0.000000 3816.000000 25146.000000 5415.000000
0.000000 3816.000000 21795.000000 5824.000000
0.000000 3816.000000 29826.000000 7176.000000
0.000000 3816.000000 22881.000000 6640.000000
0.000000 3816.000000 26434.000000 7083.000000
0.000000 3816.000000 31348.000000 7968.000000
0.000000 3816.000000 28044.000000 8267.000000
0.000000 3816.000000 16526.000000 6855.000000
0.000000 3816.000000 30849.000000 9627.000000
0.000000 3816.000000 31545.000000 10035.000000
0.000000 3816.000000 27181.000000 9288.000000
0.000000 3816.000000 32107.000000 10330.000000
0.000000 3816.000000 29279.000000 10288.000000
0.000000 3816.000000 29222.000000 11229.000000
0.000000 3816.000000 23675.000000 9993.000000
0.000000 3816.000000 24083.000000 10175.000000
0.000000 3816.000000 26911.000000 10995.000000
18.000000 12314.000000 17733.000000 17137.000000
0.000000 3816.000000 28691.000000 12140.000000
0.000000 3816.000000 27327.000000 12636.000000
0.000000 3816.000000 26409.000000 12409.000000
0.000000 3816.000000 30415.000000 13788.000000
0.000000 3816.000000 27338.000000 12893.000000
0.000000 3816.000000 18925.000000 10314.000000
0.000000 3816.000000 20430.000000 10962.000000
0.000000 3816.000000 27200.000000 13761.000000
12237.000000 8296.000000 30751.000000 15073.000000
0.000000 3816.000000 24381.000000 13331.000000
0.000000 3816.000000 20500.000000 11994.000000
0.000000 3816.000000 30202.000000 16207.000000
0.000000 3816.000000 31944.000000 17170.000000
5934.000000 6383.000000 28216.000000 16021.000000
0.000000 3816.000000 31228.000000 18228.000000
0.000000 3816.000000 29468.000000 17456.000000
0.000000 3816.000000 26224.000000 16280.000000
0.000000 3816.000000 27959.000000 17440.000000
0.000000 3816.000000 31360.000000 19322.000000
0.000000 3816.000000 25974.000000 16764.000000
5733.000000 6948.000000 30279.000000 20357.000000
0.000000 3816.000000 22336.000000 16128.000000
13453.000000 11385.000000 26355.000000 18644.000000
0.000000 3816.000000 27357.000000 19972.000000
3949.000000 6281.000000 32181.000000 23904.000000
0.000000 3816.000000 18038.000000 15202.000000
0.000000 3816.000000 22437.000000 18158.000000
15363.000000 14154.000000 31127.000000 24760.000000
0.000000 3816.000000 31253.000000 24903.000000
0.000000 3816.000000 29006.000000 24889.000000
15075.000000 14862.000000 30520.000000 26177.000000
0.000000 3816.000000 28383.000000 25614.000000
9875.000000 11467.000000 29342.000000 26550.000000
0.000000 3816.000000 31876.000000 28584.000000
0.000000 3816.000000 29821.000000 28060.000000
0.000000 3816.000000 17537.000000 18990.000000
16830.000000 18569.000000 25466.000000 26139.000000
0.000000 3816.000000 29964.000000 30544.000000
0.000000 3816.000000 27902.000000 28706.000000
0.000000 3816.000000 18681.000000 20612.000000
12851.000000 15473.000000 23735.000000 25346.000000
0.000000 3816.000000 28372.000000 30019.000000
10052.000000 13255.000000 30405.000000 32367.000000
0.000000 3816.000000 29830.000000 32427.000000
0.000000 3816.000000 28676.000000 31806.000000
0.000000 3816.000000 27413.000000 30691.000000
17981.000000 21460.000000 28756.000000 32033.000000
0.000000 3816.000000 29124.000000 32441.000000
17244.000000 21165.000000 24225.000000 28189.000000
0.000000 3816.000000 27898.000000 32157.000000
0.000000 3816.000000 24298.000000 29055.000000
13864.000000 18444.000000 25726.000000 30959.000000
0.000000 3816.000000 23166.000000 28883.000000
0.000000 3816.000000 23053.000000 29145.000000
0.000000 3816.000000 24720.000000 31484.000000
3273.000000 7753.000000 19326.000000 27063.000000
0.000000 3816.000000 21303.000000 30389.000000
98.000000 5694.000000 19485.000000 32190.000000
1500.000000 26001.000000 1500.000000 30001.000000
3500.000000 26001.000000 3500.000000 28001.000000
4501.000000 25999.000000 4501.000000 29999.000000
6501.000000 25999.000000 6501.000000 29999.000000
9000.000000 18003.000000 9000.000000 22000.000000
11000.000000 17995.000000 11000.000000 21995.000000
13000.000000 17995.000000 13000.000000 21995.000000
14500.000000 12001.000000 14500.000000 14000.000000
16500.000000 10000.000000 16500.000000 12001.000000
17501.000000 9998.000000 17501.000000 13998.000000
20500.000000 9999.000000 20500.000000 13999.000000
23500.000000 9997.000000 23500.000000 13997.000000
26500.000000 9996.000000 26500.000000 13996.000000
28500.000000 11996.000000 28500.000000 13996.000000
