3993.000000 10623.000000 3996.000000 8214.000000
31440.000000 1860.000000 31443.000000 960.000000
31914.000000 1830.000000 31920.000000 756.000000
12519.000000 18024.000000 12525.000000 17277.000000
14277.000000 17556.000000 14286.000000 16941.000000
4137.000000 18846.000000 4167.000000 17826.000000
8247.000000 17640.000000 8280.000000 16554.000000
5646.000000 14043.000000 5670.000000 13326.000000
13074.000000 13974.000000 13086.000000 13644.000000
4194.000000 17223.000000 4224.000000 16407.000000
4167.000000 17826.000000 4194.000000 17223.000000
11655.000000 12384.000000 11664.000000 12222.000000
12300.000000 12276.000000 12312.000000 12069.000000
10356.000000 13266.000000 10374.000000 12996.000000
14739.000000 15399.000000 14790.000000 14757.000000
17823.000000 16224.000000 17880.000000 15510.000000
19389.000000 22212.000000 19458.000000 21372.000000
11322.000000 13233.000000 11373.000000 12705.000000
8394.000000 10116.000000 8463.000000 9480.000000
5556.000000 16773.000000 5637.000000 16056.000000
3990.000000 15810.000000 4119.000000 14721.000000
14286.000000 16941.000000 14364.000000 16341.000000
4626.000000 17073.000000 4746.000000 16206.000000
3996.000000 8214.000000 4323.000000 6054.000000
11868.000000 12345.000000 11889.000000 12225.000000
24087.000000 3543.000000 24690.000000 216.000000
24087.000000 3543.000000 24690.000000 216.000000
19071.000000 23718.000000 19212.000000 22959.000000
14097.000000 16950.000000 14214.000000 16326.000000
14097.000000 16950.000000 14214.000000 16326.000000
17184.000000 14574.000000 17280.000000 14103.000000
17619.000000 21303.000000 17829.000000 20301.000000
16107.000000 13533.000000 16266.000000 12777.000000
3777.000000 11640.000000 3993.000000 10623.000000
30984.000000 966.000000 31017.000000 816.000000
5673.000000 14913.000000 5754.000000 14547.000000
3630.000000 12303.000000 3777.000000 11640.000000
2862.000000 18033.000000 3021.000000 17328.000000
19356.000000 21153.000000 19611.000000 20040.000000
18327.000000 17574.000000 18483.000000 16914.000000
19212.000000 22959.000000 19389.000000 22212.000000
10383.000000 5730.000000 10626.000000 4713.000000
8526.000000 11976.000000 8916.000000 10410.000000
7014.000000 4320.000000 7497.000000 2463.000000
3153.000000 3363.000000 3804.000000 1017.000000
16614.000000 8640.000000 17067.000000 7146.000000
14559.000000 17523.000000 14631.000000 17289.000000
4323.000000 6054.000000 4737.000000 4710.000000
15747.000000 7956.000000 16590.000000 5247.000000
4224.000000 16407.000000 4497.000000 15534.000000
4224.000000 16407.000000 4497.000000 15534.000000
3651.000000 16878.000000 3990.000000 15810.000000
17208.000000 17838.000000 17355.000000 17376.000000
13032.000000 12216.000000 13074.000000 12087.000000
16014.000000 8433.000000 16374.000000 7353.000000
23247.000000 6006.000000 24087.000000 3543.000000
23247.000000 6006.000000 24087.000000 3543.000000
3750.000000 4917.000000 4494.000000 2787.000000
3750.000000 4917.000000 4494.000000 2787.000000
6927.000000 13056.000000 7350.000000 11850.000000
15057.000000 17424.000000 15105.000000 17289.000000
9786.000000 6657.000000 10140.000000 5664.000000
2487.000000 5046.000000 3153.000000 3363.000000
5670.000000 13326.000000 6210.000000 11967.000000
14364.000000 16341.000000 14739.000000 15399.000000
14214.000000 16326.000000 14553.000000 15477.000000
13644.000000 12297.000000 13704.000000 12147.000000
11523.000000 15444.000000 11697.000000 15030.000000
8037.000000 10884.000000 8394.000000 10116.000000
17244.000000 22041.000000 17619.000000 21303.000000
17244.000000 22041.000000 17619.000000 21303.000000
11208.000000 17988.000000 11289.000000 17832.000000
1833.000000 6300.000000 2487.000000 5046.000000
8916.000000 10410.000000 9666.000000 9030.000000
5094.000000 15633.000000 5283.000000 15303.000000
4497.000000 15534.000000 4854.000000 14916.000000
15714.000000 10197.000000 16614.000000 8640.000000
18093.000000 17973.000000 18327.000000 17574.000000
7497.000000 13017.000000 7713.000000 12657.000000
21336.000000 9063.000000 23247.000000 6006.000000
8280.000000 16554.000000 8727.000000 15840.000000
15642.000000 17499.000000 15729.000000 17361.000000
6210.000000 11967.000000 7284.000000 10266.000000
2571.000000 20589.000000 3102.000000 19752.000000
17895.000000 26031.000000 18690.000000 24795.000000
8214.000000 8856.000000 8880.000000 7824.000000
7284.000000 10266.000000 8214.000000 8856.000000
7284.000000 10266.000000 8214.000000 8856.000000
9357.000000 7287.000000 9786.000000 6657.000000
9357.000000 7287.000000 9786.000000 6657.000000
12426.000000 18477.000000 12846.000000 17886.000000
7350.000000 11850.000000 8037.000000 10884.000000
7350.000000 11850.000000 8037.000000 10884.000000
11619.000000 17841.000000 11715.000000 17712.000000
10512.000000 17847.000000 10668.000000 17652.000000
20733.000000 9744.000000 21330.000000 9006.000000
8880.000000 7824.000000 9357.000000 7287.000000
5523.000000 17709.000000 6363.000000 16776.000000
14553.000000 15477.000000 15096.000000 14874.000000
14511.000000 18561.000000 14901.000000 18138.000000
10923.000000 18015.000000 11052.000000 17877.000000
4035.000000 19044.000000 4578.000000 18474.000000
8814.000000 5910.000000 10200.000000 4530.000000
8814.000000 5910.000000 10200.000000 4530.000000
10626.000000 4713.000000 11157.000000 4194.000000
14334.000000 17376.000000 14499.000000 17220.000000
2982.000000 19368.000000 3273.000000 19095.000000
5313.000000 14343.000000 5646.000000 14043.000000
16377.000000 17367.000000 16866.000000 16929.000000
3021.000000 17328.000000 3222.000000 17148.000000
9666.000000 9030.000000 10410.000000 8376.000000
5196.000000 16443.000000 5637.000000 16056.000000
14169.000000 27672.000000 14667.000000 27252.000000
12963.000000 14631.000000 13356.000000 14301.000000
19857.000000 10476.000000 20733.000000 9744.000000
12066.000000 14919.000000 12246.000000 14769.000000
4578.000000 18474.000000 5523.000000 17709.000000
9837.000000 13293.000000 10476.000000 12786.000000
32373.000000 20274.000000 32706.000000 20013.000000
8964.000000 8850.000000 9864.000000 8157.000000
11697.000000 19023.000000 12426.000000 18477.000000
16689.000000 18225.000000 17208.000000 17838.000000
16215.000000 26868.000000 16677.000000 26526.000000
20754.000000 21561.000000 21210.000000 21231.000000
15756.000000 9030.000000 16407.000000 8580.000000
10476.000000 12786.000000 11313.000000 12210.000000
21210.000000 21231.000000 21594.000000 20967.000000
10200.000000 4530.000000 11397.000000 3753.000000
7497.000000 7227.000000 10197.000000 5520.000000
3222.000000 17148.000000 3651.000000 16878.000000
12297.000000 18780.000000 12606.000000 18588.000000
11496.000000 18054.000000 11763.000000 17889.000000
9447.000000 5457.000000 10353.000000 4920.000000
21594.000000 20967.000000 21993.000000 20733.000000
15294.000000 17325.000000 15459.000000 17229.000000
11697.000000 15030.000000 11991.000000 14859.000000
21993.000000 20733.000000 22467.000000 20460.000000
13443.000000 28086.000000 14169.000000 27672.000000
14403.000000 17415.000000 14631.000000 17289.000000
14844.000000 18195.000000 15549.000000 17811.000000
9807.000000 17313.000000 10269.000000 17064.000000
9807.000000 17313.000000 10269.000000 17064.000000
17430.000000 18330.000000 18093.000000 17973.000000
14754.000000 16920.000000 15207.000000 16680.000000
12369.000000 14943.000000 12963.000000 14631.000000
16908.000000 17601.000000 17355.000000 17376.000000
12246.000000 14769.000000 12567.000000 14610.000000
8727.000000 15840.000000 9534.000000 15444.000000
16374.000000 18228.000000 17013.000000 17919.000000
2571.000000 20589.000000 3168.000000 20301.000000
16797.000000 11667.000000 18543.000000 10884.000000
4854.000000 14916.000000 5217.000000 14754.000000
10374.000000 12996.000000 11004.000000 12717.000000
16194.000000 18132.000000 17055.000000 17751.000000
31776.000000 20523.000000 32373.000000 20274.000000
15930.000000 17553.000000 16377.000000 17367.000000
29754.000000 21147.000000 30390.000000 20886.000000
7146.000000 18828.000000 7608.000000 18639.000000
16677.000000 26526.000000 17895.000000 26031.000000
15246.000000 18285.000000 15660.000000 18117.000000
9384.000000 18777.000000 9900.000000 18570.000000
10146.000000 22248.000000 10899.000000 21951.000000
16245.000000 17862.000000 16908.000000 17601.000000
12567.000000 14610.000000 12936.000000 14466.000000
7185.000000 19092.000000 7800.000000 18864.000000
4098.000000 14160.000000 4869.000000 13881.000000
14667.000000 27252.000000 15579.000000 26922.000000
14847.000000 17241.000000 15513.000000 17016.000000
11571.000000 17760.000000 11715.000000 17712.000000
11034.000000 11367.000000 12114.000000 11010.000000
3099.000000 22359.000000 3837.000000 22119.000000
15207.000000 16680.000000 15699.000000 16521.000000
12936.000000 14466.000000 13161.000000 14394.000000
15843.000000 18492.000000 16689.000000 18225.000000
18543.000000 10884.000000 19857.000000 10476.000000
20115.000000 21759.000000 20754.000000 21561.000000
2679.000000 22488.000000 3099.000000 22359.000000
31017.000000 816.000000 31233.000000 750.000000
3354.000000 12543.000000 3846.000000 12393.000000
11079.000000 18687.000000 11565.000000 18543.000000
10899.000000 21951.000000 12498.000000 21489.000000
3837.000000 22119.000000 4431.000000 21948.000000
13533.000000 17940.000000 14166.000000 17760.000000
31200.000000 20676.000000 31776.000000 20523.000000
11763.000000 13377.000000 12573.000000 13164.000000
30390.000000 20886.000000 31200.000000 20676.000000
22467.000000 20460.000000 23457.000000 20220.000000
11514.000000 18966.000000 12297.000000 18780.000000
15423.000000 17550.000000 15567.000000 17517.000000
12573.000000 13164.000000 13176.000000 13026.000000
11313.000000 12210.000000 12393.000000 11964.000000
19509.000000 21891.000000 20115.000000 21759.000000
28527.000000 21276.000000 29274.000000 21123.000000
14904.000000 18684.000000 15843.000000 18492.000000
23457.000000 20220.000000 23913.000000 20127.000000
17475.000000 17733.000000 18006.000000 17625.000000
10785.000000 18525.000000 11853.000000 18312.000000
13356.000000 14301.000000 13650.000000 14244.000000
16494.000000 18510.000000 17430.000000 18330.000000
15096.000000 14874.000000 15873.000000 14730.000000
11394.000000 12537.000000 12060.000000 12414.000000
12213.000000 12600.000000 13080.000000 12444.000000
9252.000000 27747.000000 10605.000000 27507.000000
18006.000000 17625.000000 18705.000000 17502.000000
10410.000000 8376.000000 12060.000000 8103.000000
18642.000000 23787.000000 19071.000000 23718.000000
14586.000000 14787.000000 14790.000000 14757.000000
9864.000000 8157.000000 10620.000000 8046.000000
11043.000000 18120.000000 11496.000000 18054.000000
10713.000000 19164.000000 11697.000000 19023.000000
12060.000000 12414.000000 12873.000000 12300.000000
10962.000000 18789.000000 11928.000000 18654.000000
17502.000000 17409.000000 18318.000000 17295.000000
15708.000000 18321.000000 16374.000000 18228.000000
2292.000000 22539.000000 2679.000000 22488.000000
15306.000000 17631.000000 15930.000000 17553.000000
10290.000000 13410.000000 11067.000000 13317.000000
15513.000000 17016.000000 16293.000000 16926.000000
13800.000000 13134.000000 14334.000000 13074.000000
11364.000000 12693.000000 12213.000000 12600.000000
16293.000000 16926.000000 16653.000000 16887.000000
9801.000000 17640.000000 10554.000000 17559.000000
12498.000000 21489.000000 14142.000000 21345.000000
10416.000000 18915.000000 11715.000000 18804.000000
15579.000000 26922.000000 16215.000000 26868.000000
10269.000000 17064.000000 10947.000000 17007.000000
9534.000000 19263.000000 10713.000000 19164.000000
9534.000000 15444.000000 10620.000000 15360.000000
15873.000000 14730.000000 16854.000000 14664.000000
11004.000000 12717.000000 11364.000000 12693.000000
9900.000000 18570.000000 10785.000000 18525.000000
1968.000000 22554.000000 2292.000000 22539.000000
9321.000000 17661.000000 9801.000000 17640.000000
15717.000000 18543.000000 16494.000000 18510.000000
7608.000000 18639.000000 8364.000000 18609.000000
3168.000000 20301.000000 3822.000000 20277.000000
10308.000000 19002.000000 11514.000000 18966.000000
17394.000000 16233.000000 17823.000000 16224.000000
14223.000000 14463.000000 14379.000000 14460.000000
7800.000000 18864.000000 8295.000000 18858.000000
12873.000000 12300.000000 13500.000000 12294.000000
31920.000000 756.000000 32420.000000 756.000000
13836.000000 12633.000000 14196.000000 12633.000000
15459.000000 17229.000000 15660.000000 17229.000000
23913.000000 20127.000000 24963.000000 20127.000000
14334.000000 13074.000000 15033.000000 13080.000000
8355.000000 18819.000000 8835.000000 18828.000000
10554.000000 17559.000000 11307.000000 17574.000000
13500.000000 12294.000000 13644.000000 12297.000000
15660.000000 18117.000000 16194.000000 18132.000000
10371.000000 18099.000000 11043.000000 18120.000000
14943.000000 18513.000000 15717.000000 18543.000000
14721.000000 21495.000000 15798.000000 21537.000000
2640.000000 12513.000000 3354.000000 12543.000000
12114.000000 11010.000000 13587.000000 11073.000000
29274.000000 21123.000000 29754.000000 21147.000000
14499.000000 17220.000000 14847.000000 17241.000000
8574.000000 22152.000000 10146.000000 22248.000000
1452.000000 22521.000000 1968.000000 22554.000000
10284.000000 18636.000000 11079.000000 18687.000000
12060.000000 8103.000000 13356.000000 8187.000000
9855.000000 18717.000000 10962.000000 18789.000000
15699.000000 16521.000000 16329.000000 16563.000000
15549.000000 17811.000000 16245.000000 17862.000000
12846.000000 17886.000000 13533.000000 17940.000000
11067.000000 13317.000000 11763.000000 13377.000000
12393.000000 11964.000000 13557.000000 12087.000000
13650.000000 14244.000000 13953.000000 14280.000000
9831.000000 18945.000000 10308.000000 19002.000000
14709.000000 17559.000000 15306.000000 17631.000000
11853.000000 18312.000000 12414.000000 18381.000000
10620.000000 15360.000000 11514.000000 15474.000000
5217.000000 14754.000000 5523.000000 14793.000000
12273.000000 27915.000000 13443.000000 28086.000000
11565.000000 18543.000000 12033.000000 18612.000000
10668.000000 17652.000000 10908.000000 17688.000000
8337.000000 18603.000000 8586.000000 18642.000000
13176.000000 13026.000000 13800.000000 13134.000000
10620.000000 8046.000000 11226.000000 8157.000000
13080.000000 12444.000000 13584.000000 12537.000000
14409.000000 14754.000000 14586.000000 14787.000000
16653.000000 16887.000000 16866.000000 16929.000000
8286.000000 27555.000000 9252.000000 27747.000000
9759.000000 17973.000000 10371.000000 18099.000000
11991.000000 14859.000000 12369.000000 14943.000000
11307.000000 17574.000000 11697.000000 17661.000000
25386.000000 20250.000000 26400.000000 20490.000000
10605.000000 27507.000000 12273.000000 27915.000000
15798.000000 21537.000000 16668.000000 21759.000000
14142.000000 21345.000000 14721.000000 21495.000000
16854.000000 14664.000000 17673.000000 14880.000000
27843.000000 21093.000000 28527.000000 21276.000000
10140.000000 5664.000000 10383.000000 5730.000000
24963.000000 20127.000000 25386.000000 20250.000000
9900.000000 13296.000000 10290.000000 13410.000000
14379.000000 14460.000000 14586.000000 14523.000000
14511.000000 18561.000000 14904.000000 18684.000000
1080.000000 22386.000000 1452.000000 22521.000000
11157.000000 4194.000000 11910.000000 4473.000000
13584.000000 12537.000000 13836.000000 12633.000000
14451.000000 17481.000000 14559.000000 17523.000000
27186.000000 20826.000000 27843.000000 21093.000000
14196.000000 12633.000000 14487.000000 12753.000000
10947.000000 17007.000000 11364.000000 17184.000000
26400.000000 20490.000000 27186.000000 20826.000000
31233.000000 750.000000 31374.000000 813.000000
18408.000000 17223.000000 18702.000000 17358.000000
9372.000000 18732.000000 9831.000000 18945.000000
11097.000000 12396.000000 11394.000000 12537.000000
13557.000000 12087.000000 14364.000000 12480.000000
16668.000000 21759.000000 17244.000000 22041.000000
8787.000000 18846.000000 9534.000000 19263.000000
14367.000000 17367.000000 14709.000000 17559.000000
13356.000000 8187.000000 14154.000000 8640.000000
13830.000000 6336.000000 14544.000000 6753.000000
9309.000000 17703.000000 9759.000000 17973.000000
7140.000000 6993.000000 8463.000000 7794.000000
798.000000 22215.000000 1080.000000 22386.000000
6756.000000 26385.000000 7509.000000 26859.000000
13404.000000 6717.000000 14154.000000 7197.000000
14364.000000 12480.000000 14826.000000 12783.000000
13953.000000 14280.000000 14256.000000 14484.000000
1467.000000 11667.000000 2037.000000 12054.000000
13587.000000 11073.000000 14430.000000 11646.000000
15729.000000 17031.000000 15897.000000 17148.000000
6456.000000 17538.000000 6924.000000 17868.000000
9690.000000 13653.000000 10446.000000 14190.000000
5016.000000 14130.000000 5313.000000 14343.000000
2037.000000 12054.000000 2640.000000 12513.000000
11100.000000 4344.000000 11766.000000 4857.000000
12783.000000 7413.000000 13554.000000 8043.000000
14460.000000 18114.000000 14943.000000 18513.000000
11091.000000 17667.000000 11289.000000 17832.000000
10314.000000 14703.000000 10944.000000 15237.000000
10512.000000 17847.000000 10662.000000 17976.000000
7509.000000 26859.000000 8286.000000 27555.000000
13986.000000 8397.000000 15123.000000 9420.000000
5913.000000 5886.000000 7140.000000 6993.000000
13554.000000 8043.000000 14454.000000 8880.000000
15294.000000 17424.000000 15423.000000 17550.000000
17337.000000 13446.000000 17610.000000 13713.000000
954.000000 11163.000000 1467.000000 11667.000000
14544.000000 6753.000000 15453.000000 7656.000000
4737.000000 4710.000000 5913.000000 5886.000000
8283.000000 18324.000000 8787.000000 18846.000000
15057.000000 17424.000000 15135.000000 17505.000000
3822.000000 20277.000000 4305.000000 20781.000000
11514.000000 15474.000000 12030.000000 16014.000000
15534.000000 10050.000000 16077.000000 10623.000000
14097.000000 17730.000000 14460.000000 18114.000000
12414.000000 18381.000000 12606.000000 18588.000000
5523.000000 14793.000000 5847.000000 15144.000000
12834.000000 6090.000000 13404.000000 6717.000000
20550.000000 1404.000000 21060.000000 1977.000000
15078.000000 12132.000000 15705.000000 12840.000000
19008.000000 17733.000000 19254.000000 18042.000000
12207.000000 3783.000000 13233.000000 5076.000000
10908.000000 17688.000000 11052.000000 17877.000000
3630.000000 12303.000000 5016.000000 14130.000000
12030.000000 16014.000000 12513.000000 16653.000000
13554.000000 7287.000000 14226.000000 8217.000000
7071.000000 18915.000000 7638.000000 19701.000000
7803.000000 21048.000000 8574.000000 22152.000000
16077.000000 10623.000000 16623.000000 11406.000000
14826.000000 12783.000000 15033.000000 13080.000000
17673.000000 14880.000000 18273.000000 15777.000000
5424.000000 24273.000000 6087.000000 25281.000000
15123.000000 9420.000000 15534.000000 10050.000000
20496.000000 2523.000000 21153.000000 3564.000000
13233.000000 5076.000000 13734.000000 5886.000000
13044.000000 6447.000000 13554.000000 7287.000000
6087.000000 25281.000000 6756.000000 26385.000000
18342.000000 16029.000000 18900.000000 16974.000000
11766.000000 4857.000000 12333.000000 5823.000000
11910.000000 4473.000000 12834.000000 6090.000000
14256.000000 14484.000000 14409.000000 14754.000000
15660.000000 17229.000000 15729.000000 17361.000000
15246.000000 9996.000000 15837.000000 11127.000000
5493.000000 14034.000000 5754.000000 14547.000000
12513.000000 16653.000000 12807.000000 17244.000000
2862.000000 18033.000000 3195.000000 18714.000000
15837.000000 11127.000000 16374.000000 12267.000000
31374.000000 813.000000 31443.000000 960.000000
19356.000000 21153.000000 19458.000000 21372.000000
14226.000000 8217.000000 14634.000000 9096.000000
4338.000000 21735.000000 4872.000000 22890.000000
18756.000000 5100.000000 19854.000000 7503.000000
11670.000000 2484.000000 12207.000000 3783.000000
19254.000000 18042.000000 19533.000000 18723.000000
17193.000000 504.000000 17814.000000 2040.000000
4872.000000 22890.000000 5424.000000 24273.000000
16623.000000 11406.000000 17097.000000 12603.000000
12312.000000 16707.000000 12525.000000 17277.000000
12333.000000 5823.000000 12660.000000 6726.000000
11571.000000 17760.000000 11607.000000 17868.000000
2982.000000 19368.000000 3102.000000 19752.000000
5946.000000 15303.000000 6204.000000 16137.000000
17814.000000 2040.000000 18756.000000 5100.000000
21060.000000 1977.000000 21324.000000 2886.000000
11697.000000 17661.000000 11763.000000 17889.000000
17097.000000 12603.000000 17337.000000 13446.000000
17610.000000 13713.000000 17730.000000 14163.000000
17187.000000 14916.000000 17397.000000 15747.000000
16590.000000 5247.000000 17067.000000 7146.000000
16374.000000 12267.000000 16704.000000 13623.000000
11196.000000 504.000000 11670.000000 2484.000000
17730.000000 14163.000000 17976.000000 15207.000000
12702.000000 12087.000000 12738.000000 12243.000000
15453.000000 7656.000000 15756.000000 9030.000000
13734.000000 5886.000000 13830.000000 6336.000000
3195.000000 18714.000000 3273.000000 19095.000000
18273.000000 15777.000000 18483.000000 16914.000000
12660.000000 6726.000000 12783.000000 7413.000000
18567.000000 576.000000 19200.000000 4524.000000
18900.000000 16974.000000 19008.000000 17733.000000
6924.000000 17868.000000 7071.000000 18915.000000
17652.000000 18306.000000 17775.000000 19188.000000
14586.000000 14523.000000 14601.000000 14640.000000
19854.000000 7503.000000 20034.000000 8916.000000
7638.000000 19701.000000 7803.000000 21048.000000
6363.000000 16776.000000 6456.000000 17538.000000
20466.000000 2403.000000 20874.000000 6690.000000
13572.000000 12576.000000 13605.000000 12942.000000
14097.000000 16950.000000 14166.000000 17760.000000
8337.000000 18603.000000 8355.000000 18819.000000
14277.000000 17556.000000 14346.000000 18444.000000
6927.000000 13056.000000 7086.000000 15210.000000
11859.000000 12675.000000 11895.000000 13185.000000
17460.000000 16716.000000 17556.000000 18096.000000
9474.000000 12114.000000 9534.000000 13026.000000
17397.000000 15747.000000 17460.000000 16716.000000
19533.000000 18723.000000 19611.000000 20040.000000
8247.000000 17640.000000 8283.000000 18324.000000
13380.000000 12105.000000 13389.000000 12285.000000
12807.000000 17244.000000 12837.000000 17856.000000
17775.000000 19188.000000 17829.000000 20301.000000
18642.000000 23787.000000 18690.000000 24795.000000
11364.000000 1896.000000 11436.000000 3480.000000
13884.000000 12603.000000 13899.000000 12939.000000
12357.000000 12678.000000 12375.000000 13083.000000
20397.000000 597.000000 20466.000000 2403.000000
4098.000000 14160.000000 4119.000000 14721.000000
10710.000000 12894.000000 10722.000000 13215.000000
4305.000000 20781.000000 4338.000000 21735.000000
10434.000000 17709.000000 10443.000000 17985.000000
4626.000000 17073.000000 4647.000000 17814.000000
14487.000000 12753.000000 14493.000000 12993.000000
18702.000000 17358.000000 18705.000000 17502.000000
3750.000000 4917.000000 3774.000000 6153.000000
13023.000000 12549.000000 13029.000000 12915.000000
6204.000000 16137.000000 6213.000000 16686.000000
15897.000000 17148.000000 15900.000000 17442.000000
7497.000000 13017.000000 7500.000000 13446.000000
15294.000000 17325.000000 15294.000000 17424.000000
