4096.000000 22016.000000 14080.000000 12032.000000
4096.000000 23040.000000 15104.000000 12032.000000
4096.000000 24064.000000 16128.000000 12032.000000
5120.000000 29184.000000 17152.000000 17152.000000
6144.000000 29184.000000 17152.000000 18176.000000
7168.000000 29184.000000 17152.000000 19200.000000
22016.000000 3200.000000 26112.000000 3200.000000
22016.000000 7296.000000 26112.000000 7296.000000
13056.000000 12032.000000 17088.000000 12032.000000
13056.000000 16128.000000 17152.000000 16128.000000
13120.000000 20224.000000 17152.000000 20224.000000
4096.000000 20992.000000 8128.000000 20992.000000
4096.000000 25088.000000 8192.000000 25088.000000
4160.000000 29184.000000 8192.000000 29184.000000
4096.000000 20992.000000 4096.000000 25088.000000
8192.000000 25088.000000 8192.000000 29184.000000
13056.000000 12032.000000 13056.000000 16128.000000
17152.000000 16128.000000 17152.000000 20224.000000
22016.000000 3200.000000 22016.000000 11392.000000
26112.000000 3200.000000 26112.000000 7296.000000
